1 4
2 4
31 4
40 4
105 4
108 4
110 4
126 4
154 4
169 4
180 4
198 4
213 4
229 4
257 4
267 4
276 4
330 4
337 4
368 4
371 4
470 4
495 4
508 4
522 4
554 4
658 4
661 4
676 4
721 4
733 4
777 4
787 4
801 4
821 4
823 4
825 4
834 4
841 4
857 4
858 4
868 4
873 4
898 4
938 4
939 4
30 6
104 6
109 6
179 6
228 6
266 6
469 6
507 6
521 6
657 6
720 6
732 6
822 6
833 6
840 6
872 6
468 8
520 8
656 8
719 8
731 8
821 8
467 10
519 10
730 10
466 12
